-1.621826897972804 -0.061519987349480776 -1.5663281710620411 -0.6859446138056442 -0.48661889120293905 -0.23753316935701832 1.8487871274044332 1.1221639558675 0.3209187667110103 1.039093131581931 -0.17819022962185818 0.5069989788069109
-1.76015854252098 -0.7416649085482573 -1.245443648880428 -0.47787656554681013 -0.8896541069912449 0.8808307783034312 1.4532741289399835 1.396965762415688 0.5700133740462606 0.5820737748983955 -0.23834043074670472 0.46998038463066655
-1.4940109034624347 -0.1689081903267249 -0.9062787588998412 0.919584386436748 0.9744897471304487 0.37416957760744296 0.6685648172636723 -0.6341007095821857 -1.7503305913311895 -0.28041070483134933 0.7286122054703865 1.568619124525027
-1.6308837276753134 -0.5497109934077135 -0.9768376240537646 0.2862625423695347 0.5474845982013491 1.4878283159259889 1.0449853685195212 -0.5224390197650227 -1.652246026620788 0.5323125452653761 0.9205838701990565 0.5126601510417755
-1.9093415179772706 -0.23436414525999802 -1.1964942888463899 -0.532519608186772 -0.8607442055548797 -0.5120010836531688 0.22384646711046788 1.187000540905978 0.5242619068661808 1.395163717722963 0.7747074582071712 1.1404847586657174
-0.7961709180545145 -0.8979023176309187 -2.1077461878812724 -0.46850331304580345 -0.7879592684152195 0.27607370560152944 0.8163788245556886 1.5141062024320042 0.48143357471558534 0.5568431218736352 0.11471935520506864 1.2987272206442173
-0.2842843233331965 -0.9459280155309364 -1.8087600617985269 -0.6631150929155748 -0.9283979008083119 -0.08140772539964908 0.7826295629702571 1.3716779136156028 0.7797923800914341 0.29195350109563944 -0.29470623464738366 1.7805459966606456
-1.8906649733021996 0.4619631701941866 -0.8490420529478788 0.5615125532743952 -1.0934865375392047 -0.6380369087624382 0.26949522875782933 0.12896017970308496 0.3969076461630402 2.288392624831573 0.07424802520104973 0.28975104442656235
-2.545835062170918 -0.49005496903312074 -1.2329890869710154 0.6015853491884164 0.6256462869415486 1.2115044972194908 -0.24120051899162448 0.1413059336774678 -0.11084607859497561 0.4975015085161955 0.8360053092392649 0.7073768309792703
-2.0847514136015497 -0.06525158725687955 -0.7111881926952272 0.8866875653318356 0.5391315136273173 1.2896631680539967 0.9265377164259573 1.2309302628604506 0.3399831403128252 -0.6003880243056565 -0.9764738235627191 -0.7748803251903508
-1.2947559638266508 -0.8522224888573662 -0.11371468990400825 1.4812840131192369 0.48176902704733904 -1.6918147077471137 -0.4012567777435053 1.6707116121424448 0.48662124196902806 0.6985821260464538 0.2726425289547 -0.737845921200558
-2.0191468592065953 -0.8365374648663898 -0.9356549891320503 1.307023750244971 0.15678070677280428 -0.8386905626713705 -0.04627053237817106 1.7563730907566224 0.4632245285796837 0.7477759717541475 0.22437446230003222 0.020747897846315498
-1.76620220734229 0.015339383640221119 -0.37611485325921207 -0.07939851672991857 0.14170223470918908 1.566023629764463 -1.2477616055155936 0.43058100947651 -1.325465840287501 1.1258933575675707 0.34237646653729853 1.1730269414392627
-2.4574027951131923 -0.150502225730824 -1.016976982509262 0.11007917242193299 0.4639553143645485 0.42420595957120044 -1.1485260543332403 0.7309582154810748 0.2717660833145502 0.8607366293486471 0.9283927795810931 0.9833139036034723
-1.797148653716593 -0.17924337430326087 -0.9573018185608106 0.735688134897119 -0.105306565058398 -0.14689475064060545 0.3339700885430035 1.0466343988806384 1.7771168565273117 1.089259400524655 -1.1008582658981751 -0.6959154511948851
-1.8799917720214243 -0.1754301926982888 -0.743801973995373 -0.46546681977721943 0.2659552670898517 0.8511304075447338 1.3984666273666402 0.9198814768193769 1.1991536092909711 -0.1425667398398371 -1.5771078468402706 0.3497779570608396
-2.3892868128547615 -0.6134325034908963 -0.3215323669592385 -1.4944906618891278 0.028538581057622303 0.5660449765064376 0.9583240450308058 0.8223941764470393 0.8275691064636004 0.7688924247894106 0.3063736865874747 0.5406053483116339
-2.126030533883003 -0.9489824811279544 -0.38453216287323483 -1.1968890193875037 0.7392776397378925 -0.24942886436088382 0.3787345887412016 1.5932549892687287 -0.007434882689661263 0.6083180810639642 0.612053170044477 0.9816594754659773
-1.1261295752111913 -0.020858212334045216 0.224555524770694 -1.4831134807480097 1.0560937079715023 -1.5804810827810791 0.5461596727890536 1.5471544710683094 -0.8283847031853468 0.40418178957975953 0.11480714094753536 1.1460147471328177
-1.3015512076132127 -0.2484089517634353 -0.14738227630355102 -1.9299218437134553 0.6571591924043262 -0.7759263407988042 -0.15743197138706508 1.9230361165345469 0.7180793579136376 1.0079843555598038 0.4247923764993558 -0.17042880733214724
-1.4381728125768096 -0.4954602333247214 -0.33879407688190505 -1.9393152307074022 0.6213239978621684 -0.6286274882304411 0.3366127283031148 1.4110987607474919 0.1742311743480961 1.4323460188434116 0.9165558019591885 -0.05179864034219096
-1.6360705165720733 -0.12730740820739309 0.6648273737418396 -2.2221014336245872 0.9601607879090446 0.1311614621893645 0.32431884435153713 0.4452731135919536 -0.8699815827258924 1.0518005292987245 0.5885492557067064 0.6893695743407774
-1.3440232606524298 -0.20188233025483082 0.22194952125887432 -2.5467693749471536 0.546967066671795 0.5289448516877382 -0.06246432768217629 1.1119660396606272 -0.3118565095365052 0.8324802704432905 0.9715201460310714 0.25316790731970007
-1.4663809559336447 -0.4945538097581043 0.7033427668822809 -2.3960511323714897 -0.06554584890207169 0.35876439612310923 0.2094236503628701 1.143139614252153 0.5773487833851764 0.0003721750576273088 0.20039830959758098 1.2297420513045108
-1.1535618707367923 -0.46465817514394936 0.4470416950278189 -2.654082741675297 0.5155730564266027 0.6961769607222911 -0.4783824527153222 0.5674457125817223 0.30468344519715307 0.5103401184997154 1.0711830180382005 0.6382412337778572
-1.032079569250676 -0.30983670073926617 1.2978362344587315 -2.05532304684904 -0.40268928438179324 0.055625795933824204 0.14953221943205108 -0.582536860509682 0.0623194295663632 1.2133587719089418 1.707688993861202 -0.10389598343065751
-1.0874410236113856 -0.7923238836006384 1.0094582291336813 -1.8049811212128088 -0.8547208126353009 0.29840432246573373 0.4654235075450785 -0.072014396299803 -0.21408463699598884 1.191600770133954 1.8453603736393418 0.015318671438136974
0.8337132562067829 0.9170236185579836 1.9831652086478055 -0.7828070701304239 0.26536269264350065 -0.7667273807035335 -0.8371298150272911 -1.2903993847687816 -0.9620613479113956 -0.8466435727044145 0.4722911455437174 1.0142126496460493
0.6071594180573581 0.55720874909209 1.7200159175606469 -1.0598958091817896 -0.6133807992516005 -0.818036444020161 -0.5642724034367436 0.3684751607033898 -1.6041982389377727 1.3842892508507443 -0.7790874089594366 0.8017226075232752
0.48536582155909974 0.4353065201539536 1.450098152650085 -1.2453123707051306 -0.7548442231575027 -0.54282880541477 -0.7005157237581845 -0.020548861499223508 -1.4594824862507554 1.6755817359413536 -0.497709297168599 1.1748895376496724
0.5490350195729251 0.45158521127032886 1.3814110912173156 -1.4596958512066005 -0.8224449938897935 -0.09889859362140077 -0.36300833462444054 -0.20749787784233312 -1.5493174885393026 1.7869806076727344 -0.5217693338721288 0.853620543862697
0.5443999580100845 0.5014103100986229 1.383121717616863 -1.6915867007571248 -0.8628846287872959 -0.22236673645114943 -0.053027855836118756 -0.2223159027454673 -1.4379871076619006 1.6190386720261813 -0.501607294248513 0.9438055687358192
0.6033485748181089 0.6440049168415981 1.4045620086453792 -1.6497781198431725 -1.19579054340585 -0.35184432605722654 -0.1347522931660011 0.12878175260769367 -1.1780176903152433 1.2034522597141306 -0.7279007460495059 1.2539342062100889
0.5938985272744499 0.64824041659158 1.5708892831471035 -1.5282052971196023 -1.3510116464401811 -0.37449375466043366 -0.29080486995524396 -0.2922503210525257 -0.6356113248459814 1.3618955735565736 -0.8476437042290951 1.145097117733356
0.5594719245045554 0.7663265897242807 1.704532971416286 -1.5405125744464379 -1.1117682003804998 -0.7095631106777265 -0.31555162274689985 -0.9014679373171407 -0.47805946077367734 1.0196162700364968 -0.3314494910633796 1.3384246417241419
0.5887373431202826 0.8553556397380432 1.9842946523292544 -0.8563299483622563 -0.5710511350893278 -0.6773626510343265 -0.6008791001287797 -1.7267522893650018 -0.6586304446479017 0.2932242716901257 0.10764134636248229 1.261752315387406
0.4487027484102975 0.6707574181917756 2.1739228746890777 -0.33433085129720314 0.16853223665622472 -0.07712467794490595 -0.18475459502860692 -2.1343080440945243 -0.8979419697456354 -0.357160244754793 -0.37700556486826914 0.900710669786566
0.5933191143540048 0.5021833230438394 2.0020224885975146 -0.2166001663854155 0.06366512904584476 0.13400912721060546 0.0697404582277837 -1.8891203624951123 -1.4162243279941968 -0.7417033749283598 -0.17733130401672392 1.0760398953402188
0.744848177722537 0.6948644931590805 1.8749131825448349 -0.28850116791900143 -0.4306513801007337 -0.3655025062726521 -0.4791663190110441 -1.534254078274704 -0.9523942047295361 -0.3561062439364116 -0.6438148110834645 1.7357648579010942
0.7385254692783498 0.5817692833323482 1.2754672078520142 -0.7753973638836003 -0.5312222354942446 0.16723373027708913 0.8312116131532278 -1.2857935482381209 -2.1083005587409676 -0.2131660808586877 -0.0006886359102102808 1.3203611192328035
1.136947789214303 0.5561438159518193 1.0188665091622682 -0.819348084062272 -0.5867040187769506 -0.14543742420982173 0.8717597535696013 -0.6359045600963539 -1.9669033270883045 0.4423916339104175 -1.1781389286391422 1.3063268410644393
1.420932585839225 0.4905270004707944 0.9639071946398243 -1.4801148656204108 -0.667600105780859 -0.367319592288919 0.967979386893013 0.281686940752562 -1.7354745813571508 -0.2142165094217494 -0.8069022347496454 1.1465947806233134
1.0221042901676924 0.055939845123342616 0.48021099445748244 -1.1620605742030643 -1.0670555432535296 -0.18163284205213925 1.319408079290415 0.5489524957552873 -2.0186306342322244 0.402051445376136 -0.6325046762912716 1.2332171198618729
0.9690544729952573 -0.22587969305280547 0.4574840999368661 -1.1325174369641586 -1.1562808686189676 -0.033628182683107015 1.1372727428630787 0.5851814561068889 -1.9315211770938616 0.635096841837712 -0.693268451727898 1.3890061964009952
0.919675104876093 -0.4570617665312213 0.38770227844268257 -1.3110750294883875 -1.1117892215407017 0.014318977769401695 0.9941541424334779 1.1312232389086934 -1.8061513880491564 0.8593581503488348 -0.6759220232794199 1.0555675361097046
0.8813961650168199 -0.551446721917584 0.3210552465526383 -1.4356710193863553 -1.0922484336175058 0.10935457395606321 1.0606124055709825 1.4483438290027155 -1.4216243893709644 0.7932552843410806 -0.9704605651784226 0.8574336250305322
0.8574787349981213 -0.6973852209720035 0.2914302848942254 -1.5400964970903326 -1.015492566796529 0.25571933477450776 1.0507963134820446 1.5613689579948795 -1.1915510661990225 0.7622740639912167 -1.068957593459618 0.7344152543825114
0.8762044621138982 -0.7566999325423891 0.27106631951984717 -1.7129344594902434 -0.9756521242248625 0.42655208433308284 1.0984082002849924 1.4755820510900297 -0.8571709323675301 0.6215505571747184 -1.20923357343905 0.742327347547506
1.232530612975909 -0.4733426568429117 0.4711281946593396 -1.6728369969268955 -1.2054997976226591 0.43773649891798866 1.0761628494747442 1.2302390294957501 -0.7867744454602527 0.42148603858578715 -1.3288179563415097 0.597988629084708
0.995604373049103 -0.5807966568709045 0.42603091806446375 -1.7680154266966752 -1.3500006519231484 0.08892070691262777 1.1809108605864744 1.2774275353697422 -0.7121266745516335 0.4932483562082237 -0.9624999649639518 0.9112966248156786
0.9028709324027075 -0.4121338599911183 0.4074204276172978 -1.5967263474146314 -1.6885244471032015 0.13473708340433904 0.6406484877585171 1.0558275662189982 -0.7908110908993576 0.5887022798683541 -0.7711676586780751 1.5291566268161711
0.9052418531505286 -0.10173377898926222 0.44852040083949307 -1.3272829886415163 -1.7050714408504801 -0.24954182360966093 0.33142235490154925 0.6349922885501419 -1.0847861016350309 1.0390693376457703 -0.6398157608427291 1.748985659481197
0.7497192322182031 0.20744837029421892 0.3566891208852095 -0.9267113176120723 -1.6998259288360482 -0.9232164777268582 0.3130636069698447 0.4908122460683082 -1.3567786721346056 1.3476162537359573 -0.18295676217404785 1.6241403283118898
0.8947898395581328 0.6866494398023585 0.5705192846767235 -0.5883061559723081 -1.5423402473394885 -1.365768219035912 0.022572163301787657 0.6730360880001749 -1.6199564064705927 1.0748837436209393 -0.06117618412183181 1.2550966539800155
1.0193763867149672 1.522332450283906 0.8560739429871541 -0.5167079862696549 -1.0259608115610837 -1.411448758325234 -0.12014030601319964 0.552991808458139 -1.2817567365792286 -1.1318529268840654 0.47427583817283725 1.0628170990154633
0.7624111366327969 2.391593094150885 1.1605870698019738 -0.37659940875676406 0.2962376177310345 -0.88045299317019 -0.39950212867281987 -0.19187094180887948 -1.0990193508658692 -1.325011903590823 -0.42423874990295646 0.08586655845161033
0.33138939927968436 1.988496150604724 1.1842474808451773 0.1374527780713629 1.2706258210699808 -0.6600406077927506 0.005293526368725768 -1.4805157100698583 -1.116532924498587 -0.8058859914419371 -0.5028351135136446 -0.3516948089228786
-0.4536774873000141 1.815740173898595 1.083824566614491 0.11249490136769803 1.3288916656306047 0.05443194390765823 0.3146014707174899 -0.43744305168175535 -1.7506243408730287 -1.0987073336356623 -0.9891704223926686 0.01963791374659421
-1.5888493271264776 0.9939288836000971 -0.2351309450224397 -2.0502230791599785 1.0211566999423978 0.09989189132250874 1.0304189325376918 1.263887152426923 -0.5566096026927586 -0.32836142944987623 0.03674017379682795 0.31315064982508367
-1.7919527227520287 0.4202600325257337 -0.3640780430179997 -1.9228432056550093 1.2793109405424181 0.18466180285594158 0.6333923079886066 0.8281719722043692 -1.0042577149863174 0.6070689488883624 0.6314672663660796 0.4987984150398438
-1.7915717281033208 -0.8278458366877893 -0.32295682353918914 -1.5823709859685169 1.301818960854587 0.5902740057366658 0.20833909725326996 0.18653418734605834 -0.44649181923175413 0.5105805182503149 1.612618136083709 0.5610722880059658
-1.2415803748428447 -0.6323324243776626 0.3009349371586698 -1.843588015160755 0.3843079265355517 -0.9211782076786159 -0.5117242747287237 0.456371402918715 0.620444800868977 1.2804906208473543 1.7084210402772884 0.39943256818204603
-1.1976314440103324 -0.5423410817885724 0.8709279125281859 -2.387446828257394 0.7091736221017231 -0.3802061109614548 -0.31124388398715064 0.8159746452640071 0.381605358287907 0.5781160818820672 1.38453881354377 0.07853291539724373
0.7183668837837575 1.2668468382986455 1.7459097532340204 -1.3764424771234798 -0.06445310339278419 -0.9334275137596755 -1.1453258394162509 1.112647966976663 -1.1473719475331594 -0.40907899243419926 0.12754816113400486 0.10478027023245684
0.8182465279901625 0.4331787095072783 1.3449043268482128 -1.3937797828816192 -0.7557959588396772 -1.1111144978854157 -0.9609456717370561 0.9164993054477608 -1.2044041649444541 0.5105591346232038 -0.04943096001745916 1.4520830318890618
0.594308695676223 0.195892827583598 1.0520921501378824 -1.3854187647058902 -1.055015746972673 -0.920297759346113 -0.7352522608809933 0.9643565983517467 -1.1948088482876817 1.0679698993852391 -0.18091655386321215 1.5970897629218725
0.6611039049570622 0.11268847336022562 1.1501014828933365 -1.4969442594919729 -0.7363594244398493 -1.0566231132740078 -0.4784327996370857 0.8649081461730969 -1.2933322784559362 0.8392382393925695 -0.26966241333040813 1.703314041852968
0.5928710593291922 0.06221569097800427 1.0682512756492224 -1.504310748946955 -0.47994505176405106 -1.0685088150548405 -0.43348849592040045 0.9132045912059763 -1.3381079979979458 0.8641084533943025 -0.44116077543824395 1.7648708145657386
0.5682652594704619 0.11180282601555167 1.00960346682773 -1.4661446793732513 -0.40184502367707503 -1.0452072841653453 -0.48246151370004464 0.8877668334394088 -1.2546119950392047 0.8268503877379216 -0.639326559437329 1.885308281901176
0.5938598487458434 0.24278841968805384 0.9255536283439318 -1.4466850152244026 -0.3711294346372927 -1.1143109339573312 -0.6474793444454487 0.8154852246482237 -1.0871594983525803 0.7084566327212639 -0.639780479355066 2.020400951824806
0.6081997823478075 0.26458325538531724 0.837821041644696 -1.1343637054691171 -0.4658167148977821 -1.2751313650714402 -0.7298849843153556 0.6586488219989484 -1.0590495500231365 0.6046428620492655 -0.5415558779590091 2.231906434309808
0.6540576497375196 0.45161342737414567 0.9994692815922996 -0.6934979589129814 -1.0013773906633308 -0.8817594054043771 -1.3037848257447777 0.5717731144240482 -0.8233180543547829 0.30736405207782097 -0.5242394410308038 2.243699550905218
0.8084352334679159 1.728559261695891 1.652366735040794 0.5152073440411462 -0.5383544421066315 -0.6707067395596991 -0.5579630947107037 -0.14810184362802156 -1.0302250194173372 -0.7629890367451536 -1.5349554451569276 0.5387270470787273
0.7761315940442282 1.9539531595291504 1.5252753724534123 0.8472539416547981 -0.8695701077984205 -0.27066498348161466 -0.2610596475300017 -0.5758400273404429 -0.08507192611908655 -1.0330774385579573 -1.3330993692931081 -0.6742305675609582
0.6350984692892333 1.7713157334213956 1.5455779323124772 1.058930852702692 -0.18402806852510034 0.13308281005992198 -0.26723302200980886 -1.0467206609198216 -1.3498556591910533 -0.5901319295740596 -0.6242348983466817 -1.0818015592191936
0.32764671902526626 0.6070001780359268 1.3737222791895927 1.1558545496542643 0.9618989008532123 0.5048264397541536 0.10422240124755908 -2.181168011389818 -1.1353653313459966 -0.42433481026542413 -0.495650277211716 -0.7986530375470193
0.40082754389650754 0.48075920924545257 1.2371461715592451 0.7747428969900129 1.0448625084316323 0.7380459876235659 0.30339938801976535 -2.24022691542515 -1.1424199922122855 -0.11149004586089112 -0.34962705829405577 -1.1360196939738008
0.28381301483902793 0.06517090122227723 0.9552623645023313 -1.06675952128591 -0.4281022255069465 0.375861540895135 -0.7326635872474334 2.31972982986525 -0.6631908160385578 0.7176365121983245 -0.2066724219420257 -1.6200855915014731
0.8273789294178712 0.7239484896025047 0.735579528432904 -1.0845952468020232 -0.8037275944715035 -1.64622225329144 -1.3980303075349136 1.0371114862336155 0.08060755482415517 0.3254524376666241 -0.36114111996356785 1.563638095885777
1.0927947455918348 0.3245282692988738 0.32901927519439844 -1.2072512217273503 -0.41268866758498784 -1.2774056251186021 -0.5264866405148515 1.1505691855862983 -0.5701704553643544 0.2580064646503069 -1.1596986098975897 1.9987832798860232
0.9374605995217723 0.18648628896412767 -0.038638477719351076 -1.2513108722397874 -0.00022143745872976904 -0.9888135568651494 -0.22051879208733507 1.5123716668720186 -0.8283841441581082 0.2084587062101645 -1.3953776088693908 1.8784876278297677
0.9897500661719489 0.12130646099867323 -0.029303346829678098 -1.4040125353497177 0.1189839952844535 -0.6423735995102089 0.10387255606660485 1.590079769078219 -0.8157198041660807 0.3817938706645934 -1.815076424384015 1.400698991975211
0.9885856223399803 -0.040859907879573824 -0.24433120497429647 -1.4209032878089332 0.1488890733927724 -0.2814972304218804 0.2676164264417383 1.606221121080749 -0.6020850958001169 0.3254753231098206 -2.0230801397745846 1.275969300294327
1.110993949354992 -0.1314204516770012 -0.24047807982248456 -1.2566734799653188 0.19806473861449667 -0.12652215302520606 0.36163523718411816 1.3629587337692184 -0.5041575553103577 0.26371929258793486 -2.2804685867999646 1.242348355089571
1.2015234219122592 -0.33461170932449924 -0.28642542694448014 -1.4146439697819488 0.34311805458909944 -0.010634995388490592 0.4677087436168407 1.1830551355622174 -0.23894981045274788 0.05752355304259639 -2.229728624566168 1.2620656277353213
1.1737079934949264 -0.4617346925094243 -0.3316625779511751 -1.4164403931783591 0.4599216015364453 -0.10396834695529857 0.49470508422597564 1.3195938523940594 -0.45982160347180906 0.15320583501452323 -2.073153443588422 1.2456466909885608
1.2950729186940595 -0.5266021048148177 -0.4226668121948099 -1.3945761977303888 0.35471150090964115 -0.08928537968702792 0.7004041173295666 1.2518092494825501 -0.2957621270827447 0.1283587781042468 -2.101542028037347 1.100078085027073
1.2487871434296132 -0.6239737688986486 -0.43392487022545767 -1.2566483130982666 0.044945380467312425 0.00678709609794487 0.763629644297057 1.3128287786014121 -0.4839920672508354 0.5114389983507476 -2.107833860432419 1.0179558386615382
1.3595008441832355 -0.2980520474783613 -0.26535528884834386 -1.3592699079208281 0.09112877851078784 -0.20259888550224744 0.70325598220787 0.9683419060161347 -0.1938505457268033 0.5028402448221817 -2.3143135413165363 1.0083724610529115
1.269683366653692 -0.176588191706048 -0.11342066880775173 -1.3165653252079597 -0.3306109907101464 -0.3331921887235837 0.5378127922740018 0.8972085490244135 -0.28641407563002974 0.6859027115593195 -2.205181698548244 1.3713657198223377
1.4024464192359942 0.37819777369288404 0.4557496772765121 -1.0521861750325217 -0.5641355820810986 -0.8090381898342633 -0.20797750072635415 0.29744931004907915 0.3776002014915878 0.3172488490995352 -2.175219945843417 1.5798651626720637
1.1035502993139488 1.0896024528774797 0.9915439142637239 -0.439666289546462 0.4413820506976742 -1.4662086732391606 -0.8074000716734512 -1.1422657474615012 -1.2886010759377984 0.23844101123943634 -0.24933524041306004 1.528957369879167
0.34407127770310364 0.5753294425181626 0.6192546905161711 1.0500910126591145 1.8476816736359702 -0.6331540076657223 -0.5810423822370381 -1.0969650303273055 -1.3471373094701442 -1.0508704829359565 -0.7996817455084249 1.0724228611120679
-0.33579361071653585 0.10205950100068188 -0.23525884485460585 1.8816434853414845 1.7648681577725458 -1.4116229194053893 -0.7092617196806386 0.1848923913424845 -0.26880492370935577 -0.21318484013789404 -1.4357203899595723 0.6761837130067958
-1.8810924895065668 0.4113463830033381 -0.31142225783362915 1.5098799052708327 0.05911603516916195 -0.1469447948568711 -0.313614004327532 0.4825279014397519 -1.3266399543321459 -0.5377461093676064 0.19079112644378973 1.8637982588974775
-1.135158068780674 -1.4182268875360577 -1.210138224965854 1.5904025833566777 1.2172423868674456 -1.2279464339287605 0.5844595680076838 0.6670889287821634 0.9434490443063297 -0.15122992419874157 0.009501328326900881 0.13055569976288683
-0.9658299674321184 -1.3325361495055388 -1.0415434076085208 1.6920400011188483 1.3274097628947894 -1.5097720754325896 0.3338916018495858 0.35915615120341465 0.8179006501158671 -0.33440793692338255 0.1433295238898199 0.5103618458298254
-0.8049152476873208 -0.8786060896659674 -1.9530826548846918 0.6722859203543347 1.275025169511462 -1.1890235506484563 -0.05550665707191158 0.6320392177784856 1.3635447643715088 -0.23192056601902594 0.21496939659008785 0.9551902973714954
0.05365334826793267 -0.7475591136938752 -2.21934568956069 1.0756408326535207 0.4343686054734648 -0.6533703150088288 -0.4421062830139315 0.5810973671683531 1.9412524116508854 -0.49534176112867434 0.4383366554335683 0.033373941758274205
-0.057554382980186024 -0.4152062290855584 -0.8708566375144338 0.6484956752614838 0.7156474119478421 -0.7596396161273603 -1.5999141157701822 0.9320964859717689 2.370709187480898 -0.3314430288278176 -0.6304766206309158 -0.0018581297255375845
-0.8340418777072377 -1.1867668260861601 -0.5151615273973612 0.40165860861548885 -0.4740885138574462 -1.2816676750102567 -0.8734728194505011 1.1601154594367642 1.7507550680054969 0.002321436720739956 0.32686871563508535 1.5234799510953871
-1.1109504255252618 -1.0988663489312673 -0.9727510637882189 -0.22429527697249146 -0.6476119510245918 0.08186514720727615 0.13802635359020143 2.2746506130356186 0.8710922990622744 1.3466288081699214 -0.051418402855573545 -0.6063697519678878
-0.8475884556190677 -0.7182123149182389 -1.3448887559599056 -0.28148405467303983 -0.9909240109931929 0.40199978065739084 0.3692099389483959 1.9240560586163542 0.3934610278463516 -0.8434690356658204 0.20994008744347392 1.7278997343172997
-1.3243776377350647 -0.8687213139748061 -1.2919495847130749 -0.09930177443208196 -0.7756385160014393 0.9754272523542025 1.0409696102587045 1.7489554622870376 -1.0528053305179006 0.3005113467898983 0.7476245599641329 0.5993059257203899
-1.2324071837450183 -0.9051642687344738 -1.6186261148653476 -0.031950824560970446 -0.7704707675684379 0.48919083456924617 -0.5847170644550583 1.4096078317580827 0.10407095026416381 1.0556225851949996 0.5036267992199341 1.5812172229228816
-1.0283375559483718 -0.6666290757709518 -1.398761437629845 -0.427614012084437 -0.9846696533175768 0.4608494928183256 -0.24836850463554785 1.5719488739942593 0.8294409439125194 1.8256841136911715 0.5903506873029674 -0.5238938723325125
-1.121501882616499 -0.6754124317876946 -1.4784413257973588 -0.08204154338489304 -1.7674021307044874 0.9803142780984742 -0.20657380162637348 0.755339291194488 0.7497230827010378 0.723167648443245 1.230733945004455 0.8920948704756052
-0.8633806811696905 -0.23517240146619092 -1.3806961979333296 -0.9824470047928373 -1.4880538622062147 1.4288453688037 0.4712874598115733 1.3796944053790305 -0.4884819441521641 0.7370593054638247 0.43301371634040403 0.988331835921893
-0.8918846209362791 -0.5547369254188621 -1.5592949038361898 -0.1884109733992358 -1.3009593035515965 1.1154961987631082 -0.022527309447266004 0.7696173244062441 -0.8791898965257413 1.0675779706505135 1.2329969258001832 1.21131551349512
-0.7829845235388866 -0.6211423537129958 -1.7416024234891578 -0.18882951730649644 -1.276921653200523 0.8469226706690044 0.35392531852357717 0.7358461114535427 -0.8098412641783389 0.7846518812840068 1.3246275517129071 1.3753482017833611
-0.527733102965688 -0.8598152946433362 -1.9295534660359546 -0.3477611795869261 -1.2550620941155644 0.37328000272103073 0.8868617755457022 1.6979346265840298 -0.14776620804040264 0.9376128185417466 0.2976182836816572 0.8743838383137044
-0.0642422793075986 -0.147878192839861 -1.0009215631552386 -0.7210169893411709 -1.8325097083370638 -0.46144758888434406 0.45766116453650063 2.0520958110291136 -0.31535056646868914 -0.12399691366468388 0.9832419031472673 1.1743649232857691
1.164645039353919 1.2834390367704132 0.7615550640566644 0.24645261884239322 -1.2562653464999802 -0.9496063407849266 -1.0762190694887461 -0.09024257063581202 -1.3988467885008078 0.07759470957119713 -0.3764533048816074 1.6139469521972942
0.8962681713818188 0.7149525220665387 0.8492042263672309 -0.4920176546637406 -1.4478556031967984 -0.7053036843327997 -1.0187172631968295 0.9395996665203139 -1.118536288563816 0.6298631968978736 -0.9037548540797897 1.656297564799995
0.8046649830763936 0.5757737109017628 0.7509428939980598 -0.6256078168473124 -1.3936530216387835 -1.050945512534077 -0.8150254244338434 1.1735228951821124 -1.2933549962488038 0.841123912152592 -0.4996381074105095 1.5321964838024078
0.7397133280698148 0.4652105510347705 0.7318029822585629 -0.8117433271866649 -1.3263984054493065 -1.0072836057922412 -0.8801020615846933 1.2924636804526652 -1.3055416203990136 1.1027298608867915 -0.33808446893476635 1.33723308664408
0.8037736004691146 0.4012403021301926 0.9398525754203039 -1.1292225932990696 -1.1596467705921918 -1.2971787179851826 -0.8125215917252829 1.1805515508643971 -1.0171665716125953 1.1168141050442753 -0.2869999793171666 1.2605040906032046
0.9415006490535505 0.44112867137283435 0.9676261379734485 -1.1606632817742024 -1.0262680709396832 -1.2242623155028642 -0.9519576133504861 1.0693601195569875 -0.9375605005451527 1.203179272780048 -0.5204884365458585 1.1984053679213778
0.8906831301428496 0.47354523145689914 0.8251980026357161 -1.334837204924704 -0.6423231033884345 -1.2712085674666929 -1.0125403811665872 0.9019974487429007 -0.7025691396947248 1.3713735843018908 -0.78713217965293 1.2878131790138179
0.8662832372786089 0.4953357034902201 0.7899933284141009 -1.5740487898697733 -0.32639010375054134 -1.1461368461203103 -0.91271324362569 0.4647173026087137 -0.6304765817208979 1.7935165204872916 -0.8594930791235736 1.0394125519318484
0.8856950865408301 0.5528213699836341 0.5698995037399361 -1.2775316254171654 -0.16675652779137115 -1.0609796995199035 -1.2910303948774768 0.7559510922112388 -0.5543474403812817 1.750038908797211 -1.125433458491032 0.9616731852053814
0.8103032521764217 0.5567451867034936 0.3581586165542378 -1.100620536890866 0.0013560512449640359 -0.9558187052894309 -1.5897123058700642 0.8593356355101606 -0.2573617087627455 1.6618532511433917 -1.3182704617624832 0.9740317252429205
0.7430745656277835 0.35196256822469696 0.378921540823775 -1.1260338960253078 0.0987338129912074 -0.9343454823320757 -1.7513295284846935 0.8504701160469597 0.01008109559646996 1.5678121024485916 -1.2700801322265618 1.0807332373091552
0.6570066147596205 0.29569104805602725 0.3735081575395407 -0.9935991345560705 0.06046762231571206 -0.931765250115943 -1.6904982252452618 0.7669625064608687 -0.08211928938379509 1.6758928424858437 -1.333111263820351 1.2015643715038087
0.7004929640766359 0.296488477086568 0.46187178647270427 -0.9198503743313262 0.02487574713468301 -1.0351731016838868 -1.7566378965876634 0.5618654491333034 -0.13378842038434482 1.4965835155419485 -1.1871384804835643 1.4904103340249422
0.7106775870287517 0.20989651208690968 0.5644211337522008 -0.7014415184297408 -0.2270121903864023 -0.9715927263095467 -1.7886676288586414 0.20208279547065192 -0.342658150766047 1.3721370035014127 -0.9160401159917392 1.8881972989021891
0.4619480890110743 0.2378320811441689 0.5661271175529012 -0.7721272416467714 -0.21718632425206896 -1.238346930208563 -1.5603340842392874 0.287191479143314 -0.27698758189326717 1.5071451921483288 -0.887344335625398 1.8920825388655707
0.36236688060665184 0.23861576525843373 0.5697821193138525 -0.6528372821678974 -0.22770253170834093 -1.2251734664404044 -1.3784622429340656 0.29929425117852865 -0.1857958939261454 1.2215056896043754 -1.1710729466869514 2.149479657901961
0.4933803123122605 0.11144329744379317 0.8110541510386607 -0.8172859813489358 -0.5095858180665457 -1.4519367734612019 -0.6680600932939044 0.7899227531003623 -0.7776633066958875 1.0160531637839822 -1.0543768565975113 2.057055151784928
0.38958317498494743 0.109078754856248 0.5906352825170523 -0.701325723454046 -0.619786963611437 -0.8354518481649499 -0.5554173842432866 1.2556766331986586 -1.5649900157644903 1.3574370876562392 -1.0490206720054407 1.6235816740305038
0.38790198649391994 0.22228374639313694 0.5103596188981682 -0.5535516654588941 -0.46924429619722213 -0.8719168607056897 -0.4119942466495405 1.2766192836354444 -1.903156010526476 1.466036697542636 -0.9716487640200593 1.318310510594578
0.4730904810242465 0.3777159807461704 0.577871692293414 -0.36556199158554487 -0.35740260980910676 -0.7677774198701306 -0.25950863847751987 0.9540833938691823 -2.348632430097093 1.622597607989006 -0.7649755127975024 0.8584994467148775
0.6686381048061713 0.34169936218206387 0.5977670283527328 -0.45819873840073094 -0.5023665190904674 -0.2975870087675369 -0.16766065896548482 0.4241220999836655 -2.2553611128054007 1.9628107518213318 -0.9728478396082535 0.6589845304919092
0.7680261670326528 0.3399465034378183 0.6899931076570703 -0.39020369180147707 -0.7857236042044337 0.32575027134900175 -0.3030757740423898 -0.07758922564145636 -2.045235722626686 1.9411210963612748 -1.1766881278575334 0.7136790003361558
0.8417024803452534 0.6108373671976978 1.0048864275676759 -0.8644014755460439 -0.7504192389219707 0.7329362554035824 -0.621652181583079 -1.169450842669624 -1.0404001233371512 1.9445187355809788 -1.1209367755201414 0.43237937148282013
0.7629185388809663 0.6227473833546203 1.2427150543183059 -1.0481051315773602 -0.6819566553708257 0.5099719357460542 -0.5338868676200802 -1.354273228309483 -0.6204420539221884 1.9796136031873646 -1.0925845303644186 0.21328195167704472
0.7618980406573794 0.7203872020669523 1.0763510116240085 -0.7310640717413146 -0.7522175889625378 0.361204361787571 -0.43653864876567433 -1.6396980858839205 -0.18936924315125372 1.8388393422248563 -1.4282218552553307 0.4184295353992653
0.8594247878335232 1.0143619274104179 1.0534293198385944 -0.6506454429202285 -0.971557291941034 0.23371780109175938 -0.46012861111755027 -1.5249563596399387 -0.17309495037141237 1.6660824924751065 -1.4746670647929878 0.4280333921337488
0.7742344308833384 1.060944576982457 1.0088641454770715 -0.5654971198283762 -0.9403762378135654 0.22591050997174358 -0.6079381024928255 -1.628390639219374 0.12538210748825912 1.5774183013811207 -1.5016299040735162 0.4710779312436675
0.7622610912691191 1.0091995886011285 1.0699457995291666 -0.5090141574145053 -0.8124113722834861 0.008804698390951386 -0.5304735239476057 -1.8469356014875427 0.22709273983443518 1.653800090890593 -1.3299270010785689 0.297657647696316
0.828190916752516 1.3344552206116158 0.8580261632424231 -0.03197155916711655 -0.19923458398417115 -0.5521605946773864 -0.5306681000624486 -2.4485902862028746 0.6041871676271079 1.1315822159920361 -0.3646904566920255 -0.6291261034396772
0.23424219697340762 1.2114506844417416 0.3442532495133586 0.23428148139291763 1.517057626631239 -1.170534399342728 0.06585676954156036 -2.509604483989835 0.14684663642457776 0.4220862582628407 -0.18732023444123605 -0.30861578540784446
0.10593526255942619 -1.7254986266057264 -0.9622650895531597 -0.2108532593763219 0.19199897272644287 -0.21924078281554066 -0.34355118493798226 0.36786576041719615 2.651944103038714 0.45383716750603126 -0.6110780003385452 0.30090567737946594
0.5977947112088781 -0.9715802881288889 0.06834028089645264 0.9274990508684792 0.18008403928671396 -0.876423307289081 -1.8765411229822009 0.47920196353247824 2.0420666853734133 0.19521571933161722 -1.007687952086084 0.24203021998822272
1.0302522002336738 0.18253860010815756 1.3758126925563592 1.0016059251352625 0.20574734712410564 -1.4314108305819828 -2.2472114748225165 -0.5242029505946212 0.36411598066140255 0.3476079031939896 -0.5353688664770097 0.2305134734631805
1.6410511772289822 0.23025307774988218 1.0858109547666792 0.6197456879118812 -0.6201138861014742 -1.100607133781132 -1.976456974252987 -1.064620628279448 0.7343852768055197 0.49354191088687144 -0.3898413476293242 0.34685188469454803
1.719106839010509 0.07541999983323512 0.9306500883824851 0.6200392710006829 -1.4044896697192257 -0.41272802850070966 -1.1791901880262423 -1.7025781326704132 -0.04977101755911658 1.094513038044512 -0.07791106044672334 0.38693886065100425
1.6468814675028995 0.029936959903965294 1.054303793732715 0.12942166121759296 -0.9626460835195745 -0.9096337486056044 -0.9886496555219808 -1.0224820714248495 -0.8148866357095579 1.5945382506138068 -0.6351582804481286 0.8783743422587204
1.6277227154750604 -0.02098659964395318 0.9673581192753634 0.07627664514496425 -0.8785196801065248 -1.35998701368526 -0.5828057940534493 -0.7742470836240597 -1.0031131933349433 1.5139469640063115 -0.63587360322227 1.0702285237687585
1.2681468049785318 -0.005954403230375694 0.9551537236300706 -0.34320432668032536 -0.38536150307908584 -1.5311573119040687 -0.43863602820599895 -0.43150904206658874 -1.017370103897878 1.6108706043681413 -1.0256641184128976 1.3446857045004752
1.0701510800620189 -0.16417453075701097 1.023643306125993 -0.35006630443231374 -0.3466106080178228 -1.7155098275661957 -0.3495152638967553 0.031267403533099994 -1.0739324386401699 1.4961345615398112 -1.0370208544464887 1.415633476495835
0.9110279687814788 -0.17640201492554128 1.0861913146909403 -0.4280620894371182 -0.492657077472092 -1.7471181986546767 -0.07294078587283019 0.2831499276929602 -1.331841007562484 1.2053742432716645 -0.8177798399923725 1.5810575594800702
0.7176030221164686 0.0012943784358479232 0.9730689861138729 -0.449784196342374 -0.6118550479423621 -1.5222337357469482 -0.04631885015299651 0.3468619316044104 -1.535119848706078 1.363684836598817 -0.8463414054793654 1.6091399295007065
0.6617301521514921 0.11205036864074397 1.091178277049381 -0.6604402871620234 -0.7439677134828678 -1.4170197733149212 -0.00769851973146939 0.1739790533379689 -1.5158702360895588 1.476732796513267 -0.7052594906945788 1.5345853727825665
0.5868539158531672 0.24626935684913645 1.1681275889629912 -0.8580799811988928 -0.816197278562227 -1.1230706201839828 -0.22153651914727224 -0.014615005747848325 -1.3649723144452808 1.7548576171923589 -0.7670240087427026 1.4093872491705532
0.6596961256461781 0.41785198407730845 1.285772502511946 -0.9044771863760844 -0.8226645520531399 -1.4399144168231466 -0.07365191849020965 -0.2812496461047582 -1.1435937857973972 1.7482533473244646 -0.6080570722897487 1.1620346183745862
0.6422389453936461 0.5295724134566184 1.1960442960030402 -1.049179610600704 -0.7628161245709479 -1.1998972784573758 0.056626085526945924 -0.11743315204024553 -1.278644332415636 1.654887934564933 -0.9103085288911292 1.238909352030857
0.7381974366238735 0.7642497145489892 1.0951692929189414 -0.7229049221335955 -1.0988945207522256 -1.0927849332112398 -0.012838723584830862 -0.5923490474156232 -1.0027766614504123 1.3691579382176595 -1.018571850642814 1.5743462768812786
0.8286823082598861 1.6542168509640458 1.2970919110276702 -0.2036093574504886 -1.4816159780474438 -1.1842708585715667 -0.7993431052436257 -1.0174807508997818 -0.44337979830868024 1.1692375190283102 0.11327077116112624 0.06720048808054753
0.16990349784201228 1.126064136720786 0.34000010865825403 0.4511959875690498 -1.610659272935707 1.2989302910157747 0.49943186189152033 0.4574847295740691 -1.485500855668873 -0.4723930188014839 0.8198351990579846 -1.5942926649233873
-0.8709405703087986 -0.3178942298641117 -1.0406163027549062 -0.6450942249839039 -1.637783695188071 1.4974327858666339 0.7546304168302151 0.935278617799208 -1.071876883511919 1.1501101925854842 0.514628959197707 0.7321249343324623
-1.044868919163054 -0.5418101287345445 -1.479927583007928 -1.0565798114473897 -0.9892956321589994 1.5596186555751088 0.299347067544158 1.0224311448840324 -0.34765737567307214 1.3911814360077763 0.6118317372510256 0.5757294089228882
-1.3445838239514654 -0.28491770103575353 -0.9981421916621156 -0.2835609828022598 -1.2546018558753746 2.1876895094507756 -0.5009476410034223 0.43141294190225554 -0.2806843359688687 1.2372235070475606 0.4183248463441914 0.6727877275544769
-1.1399830547685939 -0.31316274931564203 -1.4762735367741893 -0.49405543330157603 -1.355754648194566 0.8367125724226175 -0.5383965811188346 0.6744778883009597 0.08623550888033137 1.0546628043386412 0.9983669471906813 1.6671702823401695
-1.4994133975179178 -0.6108732269344511 -1.318647999918932 -0.48911934777818206 -1.1111453261346047 1.5614198079865407 -0.12517822910115606 0.5982489385461968 0.09143776197832013 1.561648112763821 0.6108354482414269 0.7307874578689375
-1.1588985607104456 -0.2900481957803523 -0.8358361067300147 -0.8879554021037239 -1.3679957565881806 1.6186297080173182 0.6186807854402341 0.24715049831145147 -0.7673020500674158 1.4788681352396968 1.1574275856214338 0.1872793593499983
-1.1517289479310324 -0.46139608725656167 -1.1511638071252546 -0.16933932169355223 -1.9843907541661714 1.2953467847013693 0.9332859849075416 -0.09157153160640949 0.04424983512322524 1.1779604981261507 0.8395671230754532 0.7191802238452426
-0.5358575520122045 0.08631861691856689 -0.8515399442441816 -0.49825404421695385 -1.048927744939716 0.246352494932752 -0.9094378221743699 -1.376184049845059 0.48681807591891874 1.1790635448714497 1.740125769665533 1.4815226551252638
0.24785592269312903 1.2245562103473273 1.0570519424419653 -0.11179209439989304 -1.0579386779617357 0.046064398331851254 0.23325812237979612 -1.988917339847184 -1.5194700998085915 -0.024717861815982126 0.7540176565725614 1.1400318210667528
0.8631424458447523 0.9750466539289335 1.3864360771317188 -0.5424007054626158 -1.3506804580404348 -0.748714629028978 -0.06452199111160808 -0.7652937740131102 -1.3351047964476384 1.2030723243471233 -0.7621736079226406 1.1411924607744954
0.6288423921556633 0.4187864520706576 1.2616591324485782 -0.8952819633657936 -0.9304391740652989 -0.4417711731794537 -0.04791290718139447 -0.4175195045246663 -1.445452184483724 1.7068841447199918 -1.0983940859314396 1.2605988713368776
0.6074726684607399 0.3232821393223378 1.118380738210427 -0.985750427084455 -0.587034722043177 -0.8040002398987892 -0.24351774371096874 -0.06883043674010413 -1.3516855754617247 1.758401007158853 -1.16840406974577 1.4016866615326329
0.7683947398649438 0.4844156019097089 0.8122740633851332 -0.8210367954248154 -0.2868092326489629 -1.1123017529183297 -0.5638541809744471 0.16567171159834906 -1.0848460522471821 1.6785074450833453 -1.4660764032991014 1.4256608556713573
0.8525413643622578 0.6114111792838746 0.3995345543257901 -0.7484444419848207 0.09932694869509455 -0.8967006809843606 -0.8881382633938898 -0.21740559638659673 -0.521243519462112 1.7349938820120614 -1.8187048834930022 1.3928294570257023
0.9281365352133087 0.7120329706548164 0.11907598886646907 -0.9346078911174154 0.4465770279376026 -0.43733559464952854 -1.2266975690725537 -0.7354912159856747 -0.08495348062752178 1.66817014489614 -1.7130499751328887 1.258143059017246
0.9801506604136454 0.8666941446497842 -0.03415326516573797 -1.1912480170628672 0.603818500221242 -0.1258927813092521 -1.1229104537214174 -1.0549392264506756 -0.21626202836908623 1.6795538109623702 -1.4517561142830062 1.0669447701150017
1.096117294864046 1.1417211769210995 -0.180167910762852 -1.5228695919656412 0.6612428507211794 -0.14825315144024762 -0.7786861679158509 -1.0232526439733973 -0.7222227145734839 1.1941555379738502 -1.0924547201954415 1.374670040346741
1.2609198002172681 1.3984484536888717 0.03858823818984736 -1.6874136799230495 0.2131237808458609 -0.00972995065157192 -0.7125695347096125 -0.4005101619574945 -1.0382360017342174 0.5705733674763933 -1.1244824491239067 1.491288137681613
1.3054089913757567 1.4694027037077555 0.011433632217973265 -1.3602356150581172 -0.3671605430791536 0.15234109475364632 -0.5061122076466325 -0.14767501658525925 -0.9929210850120163 0.1257247027978257 -1.394415161915973 1.7042085044441957
1.1111236875571513 1.2122483097818586 -0.06453744245737787 -1.2112661795229207 -0.21418434021154226 -0.4231699673969916 0.2427520097508387 0.02257679382046023 -1.358467861214942 -0.182168024912113 -1.1933883410924602 2.05848135589804
1.1525667548760876 1.5412801354616794 -0.16123507426685596 -1.4461287788739436 -0.40228655858144063 -0.1937724273643781 0.5307997331739855 -0.5322561530170816 -1.4054092431377092 -0.1655607993853992 -0.6477760863522761 1.7297784974673305
0.9757309232162682 1.255503551445835 -0.06456567852187012 -1.6625807322565271 -0.541778590640118 0.3307061688659867 0.26387377568959736 -0.47746132081603376 -1.5390132914439079 0.4000406376191827 -0.6770656412984644 1.7366101981400508
1.0234880564837563 1.1557291865912251 -0.13112147284426798 -1.8833538249383244 -0.6371579175098915 0.5978777048071227 -0.13344159848617174 -0.44366733358753385 -1.167952451118453 -0.2019878872082388 -0.0918202736077819 1.9134078114185618
1.0851541475670412 0.9909657517768781 -0.26561498479389267 -1.9316099518617404 -0.8386013084882963 1.0287723947399487 -0.18947968415794192 -0.8207569235507973 -0.726458922173978 -0.12593149121792488 0.05548447129513706 1.7380765008655679
1.1249262187452786 0.8091244686758724 -0.25735506273052705 -2.0430059845242154 -0.7129077781485893 1.555216402491018 -0.5402208688792813 -0.8121909691400848 -0.55366293196531 0.18844319137224197 -0.03050702486621054 1.2721403389698083
1.0419675086325304 0.7334667417630093 -0.3387891019247937 -2.2180569960393055 -0.5269702741769007 1.7316233983446818 -0.46713356302393766 -1.002639669000654 -0.08049666287032713 -0.1378591689560116 0.7235553663775117 0.5413324208741953
1.0745967998152148 0.5632768622720642 -0.4919187955962126 -2.3400455066714856 -0.3844954211023489 1.75653992836532 -0.5550975516945014 -0.789936483852512 -0.13739662523250745 0.3585485041846667 0.3149505324238545 0.6309777570884477
1.0873443015979676 0.32734940871447815 -0.4403712442199651 -2.285634933579393 -0.23550183301789915 1.6864791796342307 -0.8082702154208501 -0.20282906012646695 -0.49262454450287346 1.1008031700626095 -0.19183693884705824 0.455092709705218
1.0977286757473068 0.19415388305448827 -0.605072663124518 -2.1881578019068995 -0.3072772118358004 1.5008201257293579 -0.5749152201594563 -0.19555334067701308 -0.2827676971460428 1.5109029240235237 -0.5816285274464602 0.43176685374151297
1.051878661775147 0.035926493496701156 -0.7151866078030396 -1.9719787127697825 -0.2338404659493706 1.3985873216458922 -0.3406187301879756 -0.4019240986643702 -0.19626861424759612 1.8097206389490328 -0.8486197783335852 0.41232389208894604
1.0894985799335932 -0.08074282465086996 -0.8042197971301633 -1.8958293250315106 -0.02115024476129036 1.388049028096022 -0.38522894726282075 -0.5101164003778325 -0.15314017450578335 1.8380204097674646 -0.8325030303012078 0.3673627262243985
1.1778630700320016 -0.09107221305352511 -0.658905256280608 -1.7517673514090182 0.2314333225097187 1.0417209483723466 -0.38432898838846813 -0.36440320982168284 -0.14224790075379226 1.9040186328784714 -1.3682052326210055 0.4058941785355632
1.1885079297171595 -0.16376941571338594 -0.5426308460098884 -1.6103478509145668 0.2763346706422573 0.7778174813558584 -0.3900966768220041 -0.15130607945569502 0.06829090780500523 1.905604621793499 -1.7417243397403839 0.3833195973421458
1.1991495527438578 -0.14672370909193036 -0.3272952240485173 -1.6757649686524234 0.3981702532274503 0.4100972198169665 -0.5828595838746339 0.5229099899720476 -0.006200106918651565 1.6966962022175687 -1.9058055555633142 0.4176259301715766
1.2147679094305712 0.11063390332342732 -0.05182332454590722 -1.7282270938386148 0.10586917221527967 0.022622731740357567 -0.32415451534528217 0.9186343554179222 -0.16967327437573085 1.2399029732968212 -2.1010496147424513 0.762496777423605
1.2682079799889139 0.3362792093010943 0.18635294355829565 -1.7751565875245887 -0.1822321090616776 -0.342655418775675 -0.13523032358548628 0.8154399110285571 0.46947767224163783 0.6426191487417426 -2.1911093989920465 0.9080069730792342
1.1009510610390054 0.7566615091777935 0.8361807307491369 -1.506352210302741 0.008057695491368562 -1.2739072790341035 0.3325112528680546 1.0742881002756324 -0.11606945999031225 0.04226629890028721 -1.9609463307512254 0.7063586315771022
0.7731201170278941 0.742556969928951 1.0760676271568315 -0.66384833627096 1.478319625153238 -1.0574514463513949 -0.24408602132332782 1.1279431374062348 -0.705758477538034 -1.362775536422416 -1.4719904195803224 0.307902760813304
0.10347032516068802 0.60141523773271 1.2292454079154425 -1.0063380397002273 1.483799536067889 -0.2516461253159082 -0.379308664301078 1.5161228365884474 -1.334257102325805 -1.3084547832042719 -0.9144581350279376 0.26040950641005134
-0.7854012954849431 0.07009435615660371 0.6957552732412737 -2.199593759081269 1.2242197831197117 0.9113157463337649 0.18629757865338079 1.5537869472881005 -0.2741956320572916 -0.6177193794994636 0.13188755985622902 -0.8964471785260966
-0.9343151632806836 -0.5859661752567515 0.03258606183642641 -2.2045660537117264 1.0108953978557607 0.16197555738332794 -0.9888494434847135 1.3227674936695821 0.8076268818611458 0.11081940815183285 1.2164466421609839 0.050579392814814356
-0.8976881321900522 -0.5937470152605211 0.8614138478581473 -2.282396801313129 0.3943905302517662 0.5096318954247944 -0.9247589004997916 0.7044882905691066 0.48264681470667675 -0.11793106316333848 1.6867893860419758 0.17716114757436724
-0.8573391907184634 -0.5197046221682421 0.43070735076981265 -2.3241644392450147 0.4382379262454395 0.9402192252261035 -0.14041558703454443 0.9724064447721065 -0.5529790247892349 -0.6715076848567595 1.1434912597872182 1.141048342011579
-0.8574260601873843 -0.47302754895226895 0.5138765861103026 -2.378079720218893 0.0687558466897086 1.21261347511786 -0.2451648329862719 0.9022687879824526 0.1327503316251201 -0.7898777772512297 0.5690533768891008 1.344257535181502
-1.302787410871024 -1.0176181559509505 0.7353467591289553 -1.9143619361563076 -0.8714065069968713 1.018391230372563 -0.11908176644001253 0.6668212444187707 1.3700364057856385 0.08047364322059312 0.6223463548612386 0.731840138627406
-1.2817713524710477 -1.7531397139195437 0.0461781036819152 -0.5821147914800875 -0.6841521621399432 0.8716876452578989 1.6960360089822981 0.34706865928454833 1.1561836610070348 -0.6202117349413286 -0.17790552316771444 0.98214119990597
-1.2821239191755902 -1.979280504945091 -0.39820548842235715 -0.5227652534295535 0.48711877557237904 0.8551935244976073 0.40680392328385273 1.4713332527247354 1.53133748144908 0.060759658760379316 -0.03174852995657965 -0.5984229203588606
-0.7692425881985773 -1.6505983893389244 -0.7543629921365651 -0.34163898459745545 -0.4263191180910242 -1.2167178245609265 -0.2603437694433755 1.3878464917393714 1.3744502840345754 1.06411537580448 0.6351859031449333 0.9576256116434884
-0.2209833996304022 -1.2497073985392986 -0.21388605290539578 -0.30592511008788 0.013600405876366716 -0.8527646328349093 -1.28039270433399 1.0145593944346936 1.2178717407530186 2.119837974083325 0.5299225785830958 -0.772132795398624
1.7043996886767343 1.3108487732043193 0.7387225846055581 -0.18476806704047438 -0.5549176851189174 0.22020171930338625 -1.500861026418058 -1.6522532170656634 0.11703519243040417 0.5583608931044418 0.27203323696239423 -1.028802092644129
1.511870347406275 0.8433988445633346 0.1086666509261075 -1.703618126128978 -0.47504039356131617 1.138466275734292 -1.0314144627137902 -1.1811722261542423 -0.5801740110183368 1.310705993668076 0.1900882184048015 -0.13177711112622342
1.1467323052696905 0.44294824738660654 -0.031145979401819707 -2.1981650457229214 -0.2330423535815042 1.0763690754312745 -0.7276759487518841 -0.3294887278488846 -1.300804880757 1.2191313314100245 0.1598956744839535 0.7752463020824643
1.0712866430446677 0.46272122263830157 -0.05470786811530013 -2.2705510084807634 -0.26502522996989825 0.9864050756089814 -0.46500793385173805 -0.10129894767458333 -1.309409951700432 1.353363309763331 -0.19815491823012688 0.7903796069675619
1.1407969321440485 0.4747006686011292 0.005718445475152338 -2.4280210229360675 -0.34816296053811224 0.6996301978522531 0.06204114538448076 -0.37406122571966033 -1.0539167293691065 1.4361805253601194 -0.34408526624088903 0.7291792899866526
1.1742238477495448 0.4889690640000747 -0.030935123120645204 -2.68687615105838 -0.33684683017117245 0.723698519181286 -0.045018929175364854 -0.1203638870440972 -0.7382366221968754 1.2638101442113006 -0.2453465768401868 0.5529225444645135
1.2805172961824451 0.43010942185856726 0.06273132686216468 -2.8574602160674196 -0.12880729978350505 0.5703317007810801 -0.03695813355568691 -0.32351885800655783 -0.275735346882618 0.9982150048403586 -0.3322285522188032 0.6128036559899741
1.1922783102321148 0.4163606556190635 -0.04159993090543249 -2.7728105340132374 -0.008159035711442462 0.7741885458412268 -0.3597932915993438 -0.13961170108624502 -0.38119940630400784 1.2449613980910312 -0.32867275386456163 0.4040577437008341
1.094508828964189 0.33361950462170054 -0.15602463398835928 -2.5940403002343855 -0.0003774072909662089 1.0920319296331904 -0.5690007992558529 -0.24645375489454105 -0.35677888429146315 1.4059911866474823 -0.35965962377724503 0.35618395386624724
1.2383503196424217 0.2646069695160804 -0.20307520720367314 -2.39963408918757 0.11214675963290058 0.9239529898733311 -0.5367262291532321 -0.2980289151669428 -0.5580266180928347 1.645161068364945 -0.4931544696560763 0.3044274214306506
1.187527040788645 0.2592032277162448 -0.32925639464573797 -1.9020000145764873 0.041986308518519484 0.732392457075908 -0.5189364305382951 -0.10764862671352173 -0.8171212966070003 1.9440964478709513 -1.0848139831201582 0.5945712642309328
1.165996492463303 0.1401198692425804 -0.39161779879319897 -1.4538394083235868 0.18893865106612903 0.3482955148525959 -0.40809387447034495 0.047319014408276204 -0.9031252815319559 2.269195603529407 -1.384753484877211 0.38156470243400514
1.0790080506453281 0.07030791311624565 -0.2813462597597013 -1.1269016774911744 0.3974867697766653 -0.30301870280776844 0.07216935617809067 -0.12288876079176049 -0.8601909414815236 2.5669377711599077 -1.3663179563401882 -0.12524556220411961
1.2077707317462099 0.01915598256642264 -0.4598533281050344 -0.46304304260957535 0.025804145989022753 -0.8627701112831626 0.3775469577864415 -0.19074946506568993 -0.4878232911386344 2.474701933121114 -1.6814590573476302 0.0407185443405164
1.3599338547789996 -0.08534446000870193 -0.3869356626089627 0.11206867252354706 -0.4549395382025992 -1.3218236376096668 0.3337665099768119 -0.027675046982178254 -0.24399216740940205 2.202725993863784 -1.717642372732469 0.22985785441083656
1.1970073456978862 -0.13240951002436274 -0.6802291172689287 0.5607882616910639 -0.4728504146388922 -1.8943831524733772 -0.18579580492855127 0.617722986875415 -0.14381051097544173 1.9461035419322574 -1.2446062795590076 0.43246265367193937
1.4128498201609394 -0.013811495143795986 -0.6748365070789649 0.6356578305978052 -0.21706002238608224 -2.192603123581451 -0.647296061214083 0.9468264574358595 0.08985668651414426 1.3632627028912336 -1.0073757047088108 0.304529416513205
1.2290543816873694 -0.07624046678154343 -0.7536908401148044 0.6771452404401854 -0.44416390459525795 -1.96596443918815 -0.6079988518829227 1.188679239137019 -0.34368298456885743 1.5423397701490589 -0.9354669803400557 0.48998983605795804
1.3161057225953432 -0.08519231612618156 -0.817998714288552 0.5842678867582761 -0.437166791687137 -2.2669772204346756 -0.16687984942602066 0.9581743895314617 -0.10249100208224694 1.4553811989851726 -0.830840620909038 0.3936173170835981
1.4724175804815058 -0.20633882315052626 -0.7969684203741083 0.4187947974764482 -0.5520833220988025 -2.1952989475283333 -0.06753402069551094 0.9229575869404686 0.09187050561214316 1.582551911756009 -0.6962315532748408 0.025862704855545288
1.5395058906029258 -0.11691088729843935 -1.0367755105623566 0.28709635301550435 -0.6106310623374246 -1.7475159862669434 0.00598943593331044 0.7609786931807779 -0.12501491534048886 1.8678031364489998 -0.9640236976046401 0.1394985502287737
1.8440479899424518 -0.09722654953697067 -1.0042121047529193 -0.08731762337762346 -0.6889798231150139 -1.274277601583194 0.14850970009034137 0.5389517348617462 -0.5955258884388046 2.095585654712013 -0.5623088325085238 -0.31724665629350157
1.5153991187585445 -0.32218541828135605 -1.0590870679882378 -0.4625115229095857 -0.35051462618189805 -1.1386987737608016 0.7442215764836059 -0.08282053807275071 -0.5257046923653451 2.3881706465499484 -0.5187047942095853 -0.18756390802253833
1.4797247913497893 -0.1328888379817958 -1.0401387985285115 -0.7175535617897566 -0.2051935008344242 -0.5495209706162305 0.6795885022099364 -0.7457077512018291 -0.4178883797347651 2.3971508920921627 -0.9366314994435486 0.18905911447897042
1.5069617435353564 -0.21024664025172585 -0.9648875415056457 -1.1624558136646383 -0.5405835045770742 0.33708427949361175 0.40223827359284137 -1.0079253856572499 -0.06699305078660645 2.207196974158612 -0.889563232263398 0.38917389792591894
1.50405571469166 -0.037021475199270674 -0.7893706622239609 -1.2885009534075904 -0.39144234298522984 0.5565480353945983 0.18160173681961023 -1.2144069500611498 0.1362907644252937 1.9281171831099548 -1.1802165757933656 0.5943455252294523
1.1296002653363877 -0.10998296585214534 -0.6591457169372528 -1.2063799236844182 -0.5437251129849371 0.9367183847058486 0.08180184501430725 -1.09041374992893 -0.057442718559337094 2.02460376918834 -1.3071311220552946 0.8014970457574335
1.4022278730408717 0.11170810702937403 -0.6495560031307751 -1.4245885968676593 -0.47671898391424217 1.20462887532214 -0.35226317971288196 -0.914234828001502 -0.2614894708329021 1.6336026968145207 -1.1752175276749346 0.9019010379279907
1.2270698945273746 0.11565469109338601 -0.6602858412262229 -1.4898212213072697 -0.5499139618570724 1.3100451048063284 -0.4306371681938898 -0.6390771762984317 -0.41640445925702113 1.6556874569267488 -1.1313719235921926 1.0090546043782638
1.2217820772283692 0.07110838982556543 -0.5156179553938188 -1.737285611449502 -0.37689563305320634 1.5528160171628576 -0.6062713440446871 -0.8164916481821022 -0.3241753317831554 1.4702559582251686 -0.7948604498003361 0.8556355312648485
1.1541470566683345 0.12577431563448013 -0.5533109718522752 -1.5559144559641591 -0.4170526194335038 1.7551075054071688 -1.0379838627129323 -0.3419281143874593 -0.5412147873464399 1.4020792336695291 -0.775123831563142 0.7854205318803971
1.0829174730301807 0.2149590380267675 -0.6629436856867402 -1.7346741736308946 -0.18020672902377513 1.6250482375068411 -1.0635128214508938 -0.33976322293770944 -0.5728993761627774 1.3275463011791606 -0.647009875158044 0.9505388343078851
1.23513465586162 0.3609184807052252 -0.8569287109229894 -1.6806114873933427 -0.16009098227843102 1.5176102377150045 -1.0261960313054148 -0.3216925156281437 -0.8115032688195476 1.4307990634360799 -0.3659713615968185 0.6785319202267585
1.1205776106172554 0.4164872144339911 -0.8878268109897655 -1.682651692981266 -0.26287189889071505 1.6256848888536515 -1.0214560449011914 -0.4884391760656799 -0.3781671390786607 1.2234784477269485 -0.6265451319076766 0.9617297331831063
1.0678982293978379 0.42684655864030024 -0.762876658247808 -1.75321786682374 -0.2716815688552444 1.648437347643997 -1.1381421071743594 -0.6280357520143436 -0.06401807703775267 1.1762594992678288 -0.5951956323438655 0.8937260275471474
1.125500276865228 0.44393207029645604 -0.6292754279144639 -1.8944268872489853 -0.10579320404255112 1.5814207097132278 -1.1975101968157447 -0.7790572793066236 0.13779026030637248 1.2072118341009561 -0.4527684126766362 0.5629762567227629
1.1374582729240401 0.40012929142075915 -0.6424896607543688 -2.098311029086129 0.0014504733038506307 1.1017272761343435 -1.042886071657178 -0.8800354283542567 0.5794434610482397 1.1913288034863616 -0.5325755537650274 0.7847601652993652
1.1187402149407435 0.3878089284442866 -0.5790945075459808 -1.8625918475067396 -0.05218028232187731 1.1080677841207605 -1.3143147216186575 -0.8201424191926827 0.43747112221410756 1.5533578438150897 -0.5168927165860057 0.5397706012369556
1.0862305181494971 0.4073143246034543 -0.48140321489292176 -1.4988804100116042 -0.024135072969594464 0.9778693783580404 -1.6180769503365806 -0.7936833807855748 0.5716251557834553 1.7559906625004147 -0.6850566635400438 0.3022056531414555
1.4497696073688955 0.8488588736788512 -0.463133434019845 -1.4167559795468079 -0.0883279001626046 -0.11682984332948207 -1.708437570963986 -0.15107151115102754 0.9735293187066064 1.3507558488520741 -1.0429183455564754 0.3645609361237998
1.1999589838053357 0.7477900454105461 0.26110429406323754 -1.2193690920732123 0.16543299175090975 -1.0549365924981748 -1.165608850371695 0.6964883239119852 -0.6404102393435528 1.5746735321318153 -1.3808486712462031 0.8157252744590067
0.8716899133381385 0.6333079367441976 0.8433368839069451 -0.734582398081498 -0.5008589829239357 -1.2368127819669086 -0.3714842972529784 0.5980935119444601 -1.781840659951408 1.4186125402993017 -0.8921323084004334 1.1526706423441166
0.6615515859683394 0.6453144369019429 1.3117887489515516 -0.6672629726578948 -0.9883305255706472 -0.8744198431952416 0.029737940028674924 -0.42304472265307447 -1.8308521936717257 1.5179998247260438 -0.4695802097300167 1.0870979309020468
0.5346211597184012 0.6736470092748634 1.3571279446807558 -0.608712265628566 -0.8586482819793287 -0.5223496438186691 -0.10613417014594567 -0.7673426470202285 -1.4861774107318926 1.8529686398486196 -0.9814033352931634 0.9124030010951554
0.5277122846013049 0.7576010103985594 1.567222531587156 -0.8280275177298541 -0.8877419847427145 -0.24040783261499177 -0.2805050925260389 -0.9817228303830842 -1.2868288518882502 1.6909471520741883 -0.9139533529151579 0.8757044841388834
0.5214074678535258 0.8552340340080471 1.8018491636363718 -0.9149567853461665 -0.9132487972091443 -0.19661855370591624 -0.5665529314082729 -0.6375643022912222 -1.3630757497040917 1.2999559919241783 -0.8808820290957579 0.9944524913384496
0.5021786945275016 1.0399017020132646 1.8213149057025155 -0.9945969076863256 -1.0079508922057296 -0.0588296432850273 -0.683388598025523 -0.34222135729149167 -1.469704147230247 1.0466642935990897 -0.7898647027939681 0.9364966526759403
0.5019468898660889 0.8493777704512407 1.814092265540037 -1.0742528346649165 -0.517618351456202 -0.12497215936625324 -0.9621374601256754 -0.6792748889612661 -1.4429578852451093 1.1842229076377084 -0.5880056000944525 1.0395793464187997
0.5133755170634775 0.931989368334302 1.8569555003724625 -0.9913044911337492 -0.7469824286527343 -0.1836249121616596 -1.122775835513192 -0.2867117241800024 -1.3647874908036033 1.3174421433817634 -0.6330269713137703 0.7094513246067052
0.49598011022477223 0.9392625735597675 1.8982832287595053 -0.9589463206757302 -0.9561439752807578 -0.26781776798730866 -1.141930650052887 -0.2537459741918188 -1.1364513597582007 1.334832715027646 -0.6548989094522637 0.7015763298272748
0.5497717101317094 0.9060360244544458 1.8177654269999328 -0.9442443705025872 -1.1286104127505339 -0.1776890310748538 -1.3713295063059932 -0.2640896238145203 -0.914200315911975 1.2014027820981439 -0.5767824815907168 0.9019697982669481
0.6222878863096606 0.7820569268167541 1.8464365664226814 -1.0451708821218995 -1.1971989768084836 -0.14650131193320648 -1.2653638722577056 -0.29176571176000665 -0.9835082272163814 1.159339017037048 -0.41564856759817426 0.9350371531097136
0.5943710938424046 0.6708194092662239 1.7479330799468613 -1.2199024848765347 -1.3681284287096036 0.15665777884067658 -1.1288454541946764 -0.1084481445243675 -1.130836391338095 1.124669033981569 -0.2642583082795698 0.9259688160451118
0.717397066929598 0.6913209728482587 1.714949458574723 -1.2359169629370723 -1.592134468265078 0.25510976292938053 -1.054484253367536 0.04290521168311785 -1.0894720273555865 1.0822065318547514 -0.18869085886586923 0.656809565971312
0.8164399652205747 0.5458865223450725 1.692527402657174 -1.4206607735820362 -1.5564645187599668 0.08911257066511741 -0.6558048112723917 -0.03884769752311662 -1.0776603971297947 1.33642860286814 -0.2571481002274118 0.5261912347386392
0.9152724183424809 0.48647844621458 1.4364974633415348 -1.0243977138493752 -1.902754730837932 0.016864088671580853 -0.5299948570000877 0.45009885529630467 -1.3612089980196136 1.349833706940804 -0.018792648682507802 0.18210396958223296
0.9373659394242942 0.221012703246878 1.434028777787629 -1.097710118017138 -1.8442238977283003 -0.15395089241769144 -0.045199967445176174 0.33906841731589477 -1.3085667689141753 1.5554736825871647 -0.28006662982776437 0.24276875398838524
0.9323513248563114 0.009448303468153507 1.301494149905285 -0.9463858671861337 -2.186735653968577 -0.3061610915133725 0.373167822862579 0.128828775899812 -0.9832098156530041 1.496585697326503 -0.28845201641527496 0.4690683704177209
0.8953365143288158 -0.1048532633549225 1.0946167750329652 -0.7739477312970319 -2.5651741133318864 -0.21558586183547784 0.4553654990704385 0.17593357253884526 -0.7641628215124676 1.3523626127636819 0.29976405029953346 0.1503447672975091
0.8669237563362377 -0.18353094551198396 0.845138206397924 -0.5957332994182969 -2.6084893241824214 -0.5754913412705766 0.6577321205511527 0.4958286344271889 -0.8077151611527444 1.146078683131985 0.5766083081076228 0.18265036258391332
0.9275480519905844 -0.3179165109016121 0.696249618060917 -0.4462355172233171 -2.752776253890775 -0.3279014873371486 0.2312344569003478 0.9034318329819028 -0.6393786347535464 0.7314051694900388 0.9223903085538957 0.07194896612871385
0.9158438781974029 -0.4400660129224051 0.6068028632347243 -0.3470990206971412 -2.665453663869655 -0.19658373270308785 0.018077228311200233 1.0775450020627004 -0.7145350039982229 0.5953893942607006 1.1441512541932222 0.005927813930562831
1.0028914255240005 -0.5238532231399143 0.3110482667242929 0.06642273077650267 -2.6492724899107962 -0.274816531739811 0.030571951612913043 1.2281980328257993 -0.6634357197041889 0.05669542190624616 1.2415340320171522 0.17401610310780372
1.1111275056927954 -0.5704047141014492 0.18946716645394304 0.2770349642649264 -2.530654779884705 -0.49216978202849276 0.15292112127241958 1.4754355631168035 -0.7963204115571035 0.04632767012113608 0.8830405767889324 0.2541951198607934
1.1859621173906947 -0.464559487532936 -0.002194208695554493 0.40889270392412264 -2.4622353453289985 -0.4661508981965727 0.10639385741366648 1.552263864801319 -0.5932637958019836 -0.4276056437609495 0.9680494013784823 0.19444743440870868
1.1551828331650666 -0.44172624089212154 -0.031238156619179662 0.3764785747906286 -2.310479268533403 -0.24655884926329577 -0.3360198084967882 1.9850828427793064 -0.38330937230267736 -0.5728680168817343 0.5972355702909427 0.20821989196325447
1.417893964968435 -0.32409013032966827 -0.2253100906317971 0.7002921917173986 -2.0571912603651437 -0.8406856018152878 -0.1932081193173995 1.9293929124253735 -0.11166792106362107 -0.7171021397083791 0.3314269447732961 0.09024924934679306
1.6792714576481835 0.07220878119979833 -0.388797404515938 0.8585802861159212 -2.2379621908624308 -0.4726746911917844 -0.24474970733985446 1.3403914661326761 -0.06265250491963155 -1.0136790060631404 0.40253038917043915 0.06753312462576301
1.859370562344725 0.20388131306578125 0.38267406022764605 0.8079183470653178 -2.2291235192846557 -0.4266382896014879 -0.24601596772144885 1.1168512289950263 -0.8961441699572441 -0.2404242629350672 0.2381787727867132 -0.5705280749853066
1.3486147255100644 -0.051783951326862754 0.5646278602495067 1.2790335153581298 -1.66214316163541 -0.3539578631183899 0.4618236093282077 1.0071733846688846 -1.7668472118899041 -0.9866870055988792 0.07721338280076695 0.08293271565388574
1.1169378729928738 -0.10229025075443217 0.8396315554146434 1.4735463571409895 -0.8446467447180863 -0.28065146662018003 0.357924019281882 1.2762053331937666 -1.0386841792162196 -1.6516657134714474 -1.2261424336381626 0.07983565039437501
0.8211617515031574 -0.34732271964440903 0.8346921296038495 1.5551827262751694 -0.21496654981231575 0.08693361935000458 0.7801589573567496 0.3837204494319663 0.4401170579723038 -2.003625765129465 -1.582338926191336 -0.753712730715673
0.28535273905556136 -0.8503000990276839 0.3802108966268146 0.8957024473149816 0.600850816668318 1.4182124803698362 0.5081124551052772 -0.4158425012219259 -0.03356190281427134 -2.625445030413125 -0.6002252492879525 0.4369329476241706
-0.04328679630186539 -1.818246597386197 -0.4406725373092851 0.3119548166833221 0.597853903328366 1.2346200895358381 1.5471278008237392 -0.28351759563321144 0.42233910013386006 -1.8525039024849623 -0.2749600957528654 0.5992918143632615
-0.24046122592198144 -1.870851925024368 -0.3154518113801471 0.3331709604158614 0.6007068911930641 1.1946118020218726 1.8220501912737161 -0.22687029803835373 0.9358374319602425 -0.9131739154543921 -1.1557615174560913 -0.16380658358942132
-0.01100267252665934 -1.1887293542009532 -0.18454311584494987 -0.33921635877633155 0.689519072768731 1.2830606217667169 1.6071739248257926 -0.6621232598480427 0.254755339597871 -1.48740194941024 -1.2088696830346704 1.2473774346827347
-0.3487636744875399 -2.0220864558899136 -0.3811899018721861 0.06475777494865607 -0.0537082033534848 1.1045720127814913 1.5329031756492546 0.5032910027595605 0.5187818476217406 -1.2648273578641043 -0.7977149545780642 1.143984734284589
-0.32075789542203625 -1.5701221405002668 -0.9579259612625511 -0.8904731478701846 -0.17174345870000088 0.9856648193313017 1.4423482804292262 -0.16147762967635879 1.2597247686882471 -0.12450751786954163 -0.9457202563877052 1.4549901392398716
-0.4397260989868867 -1.5106249039834698 -0.8806539860690256 -0.5598326903480871 0.2615915144390105 0.5352360795397298 1.5967829713178052 0.14008236258655263 1.4982681393322277 -1.1072473426546898 -0.7497916994178626 1.2159156542446965
-0.5094085759034013 -1.6185461504222802 -1.1372474580708911 -0.07368500217867993 0.6678144089548359 0.2285969340626945 0.8574101806803618 -0.44447802149189247 0.6221231400935456 -0.7967438602479331 -0.11037317575279075 2.3145375802764323
-0.6903610478221839 -2.022019256563031 -0.9792386275163292 -0.6326511226663395 0.5058360872753976 0.6575490195567232 0.5342640694376336 -0.23152768543758787 1.7192517202386433 -0.47911803260608876 0.28268369954863576 1.3353311765545257
